048a 0242 0044 00d6 0044 0048 0044 00d7 0044 0048 0044 00d6 0045 00d7 0045 00d7 0045 0048 0044 0047 0044 00d6 0044 0047 0045 0047 0044 00d6 0044 0048 0044 0048 0045 0048 0044 00d6 0044 00d6 0044 0047 0044 0047 0044 0047 0044 0048 0044 0048 0045 0049 0045 0047 0045 00d7 0045 0048 0045 0048 0045 0048 0045 0048 0044 0048 0044 0048 004b 17d6 0485 011c 004b
048b 0242 0044 00d6 0044 0048 0044 00d7 0045 0048 0045 00d7 0045 00d7 0044 00d7 0044 0048 0045 0048 0045 00d7 0045 0048 0045 0048 0045 00d7 0044 0047 0044 0048 0044 0048 0044 00d6 0044 00d6 0044 0048 0045 0048 0045 0048 0045 0048 0045 0048 0044 0048 0045 0048 0044 00d6 0044 0048 0044 0048 0045 0048 0045 0048 0045 0047 0044 0047 004b 17d1 0486 011d 004c
048b 0242 0044 00d6 0044 0048 0044 00d6 0044 0048 0044 00d7 0044 00d6 0044 00d6 0044 0048 0045 0047 0044 00d6 0044 0047 0044 0047 0044 00d6 0044 0048 0045 0048 0045 0048 0044 00d6 0044 00d7 0044 0048 0045 0048 0045 0048 0045 0048 0044 0047 0044 0049 0045 0048 0045 00d7 0045 0048 0044 0047 0044 0047 0044 0048 0044 0048 0045 0048 004c 17cc 0485 011c 004b
0488 0240 0044 00d6 0044 0047 0044 00d6 0045 0048 0044 00d6 0045 00d6 0044 00d6 0044 0048 0045 0048 0044 00d6 0044 0048 0045 0048 0044 00d6 0044 0048 0044 0048 0045 0048 0044 00d6 0045 00d6 0044 0047 0044 0048 0045 0048 0045 0048 0045 0048 0044 0048 0044 0048 0045 00d6 0044 0047 0044 0048 0044 0048 0045 0048 0045 0048 0045 0048 004b 17cb 0485 011c 004c
048a 0241 0044 00d6 0045 0048 0045 00d7 0045 0048 0045 00d6 0044 00d6 0044 00d6 0044 0048 0045 0048 0045 00d7 0045 0048 0045 0048 0045 00d6 0044 0048 0044 0047 0044 0048 0045 00d6 0044 00d6 0044 0047 0044 0047 0044 0047 0044 0047 0044 0047 0044 0048 0045 0048 0045 00d7 0045 0048 0044 0048 0044 0047 0044 0047 0044 0047 0044 0048 004b 17cc 0485 011c 004b
0489 0242 0044 00d6 0045 0048 0045 00d6 0044 0047 0044 00d6 0045 00d6 0044 00d7 0044 0048 0045 0048 0044 00d6 0044 0048 0045 0048 0044 00d6 0044 0048 0045 0048 0045 0048 0045 00d6 0044 00d6 0044 0047 0044 0048 0045 0048 0044 0047 0044 0048 0045 0048 0044 0047 0044 00d6 0044 0048 0045 0048 0044 0047 0044 0047 0044 0048 0044 0048 004b 17c6 0485 011c 004c
048a 0241 0044 00d7 0045 0048 0045 00d6 0044 0047 0044 00d6 0045 00d7 0045 00d6 0044 0048 0045 0048 0044 00d6 0045 0047 0044 0048 0044 00d7 0044 0048 0044 0047 0044 0048 0045 00d7 0045 00d7 0045 0048 0045 0047 0045 0047 0044 0047 0044 0047 0045 0048 0044 0048 0044 00d6 0045 0048 0044 0047 0044 0047 0044 0048 0044 0048 0045 0048 004c 17d2 0485 011c 004c
048b 0242 0045 00d6 0044 0047 0044 00d6 0044 0048 0045 00d6 0044 00d6 0044 00d7 0045 0048 0044 0047 0044 00d7 0044 0048 0044 0047 0044 00d6 0045 0048 0045 0048 0045 0048 0044 00d7 0045 00d6 0044 0047 0044 0047 0044 0047 0044 0047 0044 0047 0044 0048 0045 0048 0045 00d6 0044 0047 0044 0047 0044 0047 0044 0048 0044 0048 0045 0048 004b 17ca 0485 011c 004b
048a 0242 0045 00d5 0044 0047 0044 00d6 0044 0047 0044 00d7 0044 00d6 0044 00d6 0045 0048 0044 0047 0044 00d6 0045 0048 0045 0048 0045 00d7 0044 0048 0045 0048 0044 0048 0045 00d7 0045 00d6 0044 0048 0044 0048 0044 0048 0045 0048 0045 0048 0045 0048 0044 0047 0044 00d6 0044 0047 0044 0047 0044 0047 0044 0047 0044 0047 0044 0048 004b 17ca 0486 011c 004c
048a 0242 0044 00d6 0044 0047 0044 00d6 0044 0047 0044 00d7 0044 00d7 0045 00d7 0045 0049 0044 0048 0045 00d7 0045 0048 0045 0048 0045 00d7 0045 0048 0045 0048 0045 0048 0044 00d6 0044 00d6 0044 0047 0044 0047 0044 0047 0044 0047 0044 0047 0044 0048 0045 0047 0045 00d7 0045 0048 0045 0048 0045 0048 0045 0048 0045 0048 0045 0048 004c 17d1 0486 011c 004b
