048a 0241 0048 00d3 0045 0047 0048 00d2 0048 0044 0048 00d3 0048 00d3 0048 00d2 0045 0048 0048 0044 0045 00d5 0048 0044 0048 0044 0045 00d6 0048 0044 0045 0047 0045 0048 0048 00d3 0045 00d6 0048 00d3 0048 0044 0045 0047 0045 0047 0045 0047 0048 0045 0048 0044 0045 00d6 0049 0044 0048 0044 0048 0044 0048 0044 0048 0044 0045 0047 004f 17ce 0489 0119 004c
048a 0242 0048 00d2 0044 0047 0047 00d3 0048 0044 0045 00d6 0048 00d3 0048 00d3 0048 0045 0048 0045 0048 00d3 0048 0044 0048 0044 0048 00d3 0048 0044 0048 0044 0048 0045 0045 00d7 0045 00d6 0045 00d6 0048 0045 0047 0044 0048 0044 0045 0047 0048 0045 0045 0047 0048 00d3 0048 0045 0045 0048 0045 0047 0049 0044 0048 0044 0048 0044 004e 17d1 048a 0119 004c
048c 023e 0048 00d2 0045 0047 0044 00d6 0048 0045 0048 00d3 0049 00d3 0048 00d2 0044 0048 0048 0044 0047 00d3 0048 0045 0048 0044 0048 00d3 0048 0044 0048 0044 0048 0045 0048 00d2 0048 00d3 0048 00d2 0048 0044 0045 0047 0048 0044 0044 0047 0049 0045 0048 0044 0048 00d3 0045 0047 0048 0044 0048 0044 0048 0044 0048 0045 0048 0045 004f 17cb 0486 011b 004e
048a 0242 0048 00d3 0048 0044 0045 00d6 0048 0044 0048 00d2 0045 00d6 0048 00d3 0045 0048 0045 0048 0048 00d2 0048 0044 0048 0044 0048 00d3 0049 0044 0048 0044 0044 0047 0048 00d3 0048 00d3 0048 00d3 0048 0044 0048 0045 0048 0044 0048 0044 0048 0045 0048 0044 0045 00d6 0048 0044 0047 0045 0045 0047 0048 0044 0045 0047 0048 0044 004f 17cd 048b 0119 004f
048f 023f 0045 00d6 0045 0048 0048 00d3 0045 0047 0048 00d4 0048 00d3 0045 00d7 0048 0044 0048 0045 0048 00d3 0048 0045 0048 0044 0045 00d6 0045 0048 0045 0047 0045 0048 0045 00d6 0045 00d7 0049 00d4 0048 0044 0048 0045 0048 0044 0044 0047 0045 0049 0048 0044 0045 00d7 0048 0044 0045 0047 0048 0044 0048 0044 0045 0048 0045 0047 004c 17d8 048a 0119 004f
048a 0242 0048 00d3 0048 0044 0048 00d3 0048 0044 0045 00d6 0048 00d2 0048 00d2 0045 0048 0045 0047 0045 00d5 0045 0047 0048 0044 0048 00d3 0045 0048 0048 0044 0048 0044 0048 00d3 0045 00d6 0045 00d6 0048 0044 0048 0044 0048 0044 0048 0044 0048 0045 0048 0044 0048 00d2 0048 0043 0048 0044 0048 0045 0048 0044 0048 0044 0047 0045 004f 17ca 0489 0118 004f
048c 023e 0048 00d3 0044 0047 0047 00d3 0045 0047 0048 00d3 0045 00d6 0048 00d3 0045 0047 0048 0044 0048 00d3 0048 0044 0048 0044 0048 00d3 0049 0044 0048 0044 0045 0048 0045 00d6 0048 00d3 0048 00d3 0045 0047 0048 0044 0048 0044 0048 0044 0048 0045 0045 0048 0048 00d3 0048 0044 0048 0044 0048 0044 0045 0047 0048 0044 0047 0044 004f 17ca 0489 0118 004c
048a 0242 0045 00d6 0045 0048 0048 00d2 0048 0044 0048 00d3 0048 00d3 0048 00d3 0045 0048 0045 0048 0048 00d2 0048 0044 0048 0044 0045 00d6 0048 0044 0045 0048 0048 0044 0048 00d3 0044 00d6 0044 00d6 0045 0047 0048 0044 0048 0044 0048 0044 0048 0045 0048 0044 0048 00d3 0048 0044 0048 0044 0044 0047 0048 0044 0045 0047 0048 0044 004f 17d0 0489 0118 004f
048c 0243 0045 00d7 0048 0044 0048 00d3 0048 0044 0045 00d6 0048 00d3 0049 00d3 0048 0045 0048 0044 0048 00d3 0048 0044 0048 0044 0045 00d7 0048 0044 0049 0044 0048 0045 0048 00d3 0048 00d3 0048 00d3 0048 0044 0048 0044 0048 0044 0048 0044 0045 0048 0048 0044 0048 00d3 0045 0047 0048 0044 0048 0044 0048 0045 0045 0047 0048 0045 004c 17cf 048a 0118 004b
048c 0242 0048 00d4 0048 0044 0045 00d6 0048 0044 0045 00d7 0048 00d3 0045 00d6 0047 0045 0048 0045 0048 00d3 0048 0044 0045 0048 0048 00d3 0045 0047 0048 0044 0045 0048 0048 00d3 0048 00d4 0048 00d2 0048 0044 0045 0048 0048 0044 0048 0044 0048 0045 0048 0044 0048 00d4 0045 0047 0048 0044 0045 0047 0048 0045 0045 0048 0045 0048 004c 17d7 0488 011c 004f
